[[1.0, 0.7526245249290413, 0.8351106307772264, 0.6766177033045092, 0.9399738184053106, 0.6372570719498154, 0.772069355428238, 0.8755219896309883, 0.567645366558129, 0.7830115824509509, 0.6990633619674987, 0.8943334109892863, 0.8141273816124825, 0.6953881947719543, 0.8953304446659892, 0.43049101482461455, 0.7174508691710869, 0.7830699141230087, 0.8062142600868394, 0.7550881867954135, 0.8675413502465655, 0.45912792867176055, 0.8855670172894924, 0.9152223660063571, 0.7088340748891381, 0.5869944735369359, 0.5295071585023202, 0.8045304299767199], [0.7526245249290413, 1.0, 0.8526382519433643, 0.4990541941627842, 0.763745966843623, 0.6607503796285362, 0.5775024914059125, 0.7777331180870904, 0.6980555076981237, 0.7725771981209363, 0.7941473241807758, 0.8031572242119563, 0.7933676315140916, 0.813500624645666, 0.5510701232291361, 0.6821445621668456, 0.8196175093437137, 0.7884870017302651, 0.48807116010659835, 0.36309821208736337, 0.7089451408394047, 0.666421090379199, 0.7730646574621313, 0.7718078277648245, 0.8277042198887593, 0.6994049492145832, 0.723407504358014, 0.8070384694886067], [0.8351106307772264, 0.8526382519433643, 1.0, 0.5034770747819216, 0.8598354591941649, 0.6603830597458942, 0.577685134026163, 0.8545949437079483, 0.8459477032752328, 0.9131734342649613, 0.8954248389543842, 0.9224691363819876, 0.9006736247654975, 0.9302505972785985, 0.728032490058503, 0.7151513461414483, 0.9144731213146858, 0.914205229055007, 0.7289544927576525, 0.4376952385844993, 0.8168152324964496, 0.7770212519318623, 0.9099996536207267, 0.8640695317974268, 0.898286405181652, 0.8199268086235542, 0.6733759033384347, 0.9344398759542508], [0.6766177033045092, 0.4990541941627842, 0.5034770747819216, 1.0, 0.6261716047859387, 0.35958841355369225, 0.6084785187545865, 0.6291401645752795, 0.27250479926521265, 0.46673801423817346, 0.4247314984077154, 0.5835602297979643, 0.5665552318698774, 0.36039798319170835, 0.5600014472207833, 0.25581236712841726, 0.39959409891910014, 0.44830922837645465, 0.46354814130770094, 0.4817281585853273, 0.7371777388985336, 0.15377086279317148, 0.6219185765863322, 0.6452766088024099, 0.5109064028242032, 0.2738544503855968, 0.35536926504946664, 0.5503737909462856], [0.9399738184053106, 0.763745966843623, 0.8598354591941649, 0.6261716047859387, 1.0, 0.6322042387837769, 0.7513426255800926, 0.8750791171690895, 0.6248953951912717, 0.8162398666041305, 0.7422560751342887, 0.9221454409985776, 0.8535944635011617, 0.7601155041198674, 0.8508017767180398, 0.47091120258197644, 0.7688551555428937, 0.7900650500581623, 0.8124699116741257, 0.6417491870114825, 0.8366636387313864, 0.5076068818397219, 0.8831527869239744, 0.9223164671195336, 0.7666189039370499, 0.617609174216899, 0.5830563339521445, 0.8226177328178594], [0.6372570719498154, 0.6607503796285362, 0.6603830597458942, 0.35958841355369225, 0.6322042387837769, 1.0, 0.7431974475048136, 0.7561059250396218, 0.3915346993653935, 0.7025823343597578, 0.680620517031824, 0.6686412112776068, 0.7722412768224745, 0.6005758405917067, 0.5502436121880074, 0.4387251917958163, 0.6519340243257447, 0.7412199709158759, 0.31525128260563456, 0.4131464783542343, 0.6667597661642453, 0.4560030087876764, 0.6984110665988181, 0.717139387997384, 0.6172782458150223, 0.6736691819675138, 0.6776688854186844, 0.6938322044848139], [0.772069355428238, 0.5775024914059125, 0.577685134026163, 0.6084785187545865, 0.7513426255800926, 0.7431974475048136, 1.0, 0.78055360924699, 0.23539790688804443, 0.5692267384571488, 0.5231990513386033, 0.6727356919023265, 0.7051193270725964, 0.44192107478061227, 0.7040304636036493, 0.25206051402385593, 0.5109917265929503, 0.5861076534551124, 0.4477221068201244, 0.6731386961625332, 0.7361303391038077, 0.18760016903148086, 0.6943828748667068, 0.7621819180883616, 0.5211292617798574, 0.413475544268965, 0.5493672634949347, 0.6022335818146163], [0.8755219896309883, 0.7777331180870904, 0.8545949437079483, 0.6291401645752795, 0.8750791171690895, 0.7561059250396218, 0.78055360924699, 1.0, 0.687788777174918, 0.8558598106904675, 0.8579052975313946, 0.8984296531379692, 0.9143878135994208, 0.7958508259840121, 0.7641029577388954, 0.6273914256797631, 0.8452058478159603, 0.8721542130023103, 0.6896700436032529, 0.5901068705325052, 0.8388109560817383, 0.625712330232071, 0.9175155527943599, 0.8802755456327328, 0.8208189695480128, 0.7588619246002474, 0.6753648813656633, 0.9000285463337674], [0.567645366558129, 0.6980555076981237, 0.8459477032752328, 0.27250479926521265, 0.6248953951912717, 0.3915346993653935, 0.23539790688804443, 0.687788777174918, 1.0, 0.802572906538417, 0.8741335048153847, 0.7523798985608889, 0.7448493227627734, 0.9162694312193683, 0.423185022204229, 0.7804523878507722, 0.8866219306551825, 0.8252643026313596, 0.5794935923920931, 0.09736367524041153, 0.5874750737764339, 0.8765727973353665, 0.7576126154499168, 0.6141902765358724, 0.8525096795483046, 0.8146432546596516, 0.5177803899635491, 0.8619077276904746], [0.7830115824509509, 0.7725771981209363, 0.9131734342649613, 0.46673801423817346, 0.8162398666041305, 0.7025823343597578, 0.5692267384571488, 0.8558598106904675, 0.802572906538417, 1.0, 0.8589596703211149, 0.8999289700901735, 0.9113791019749632, 0.883644595732558, 0.6832408555558612, 0.6352608854799005, 0.8574404474502971, 0.8867847128374595, 0.6992410262416822, 0.42964897677891145, 0.8063970653332885, 0.7387893624922333, 0.9180111459272537, 0.8483265452425155, 0.8389723445064663, 0.8093534676740255, 0.6003447716991692, 0.9055139126000511], [0.6990633619674987, 0.7941473241807758, 0.8954248389543842, 0.4247314984077154, 0.7422560751342887, 0.680620517031824, 0.5231990513386033, 0.8579052975313946, 0.8741335048153847, 0.8589596703211149, 1.0, 0.8343750101157962, 0.8818745043391698, 0.9331381076681217, 0.5727826218235746, 0.8415087145280354, 0.9626544861342033, 0.9367175194820094, 0.5801874817853026, 0.28329765388798545, 0.7024307176325755, 0.8584428729940502, 0.8447630955231589, 0.7497441300222637, 0.9108685931508951, 0.9202149251777585, 0.7478191946782053, 0.9453792660219493], [0.8943334109892863, 0.8031572242119563, 0.9224691363819876, 0.5835602297979643, 0.9221454409985776, 0.6686412112776068, 0.6727356919023265, 0.8984296531379692, 0.7523798985608889, 0.8999289700901735, 0.8343750101157962, 1.0, 0.9031022028546831, 0.8475818285290266, 0.8183211447211959, 0.6170589696255637, 0.8507337490260867, 0.8579645977539834, 0.7858979704948075, 0.5658760087383448, 0.8686341167859447, 0.6523754504415741, 0.9331533792556023, 0.9434628589924101, 0.849500453459038, 0.7601675327098719, 0.6422642940135499, 0.89397623921726], [0.8141273816124825, 0.7933676315140916, 0.9006736247654975, 0.5665552318698774, 0.8535944635011617, 0.7722412768224745, 0.7051193270725964, 0.9143878135994208, 0.7448493227627734, 0.9113791019749632, 0.8818745043391698, 0.9031022028546831, 1.0, 0.8693634933794833, 0.7027358361158512, 0.6664533807221535, 0.8767552491628322, 0.8791120101287045, 0.671408246620289, 0.45405359313789617, 0.8479763435895576, 0.6987691622983999, 0.9204732697426827, 0.874710493991618, 0.8879877068589958, 0.7880943861262203, 0.7104355756130407, 0.9135649796270353], [0.6953881947719543, 0.813500624645666, 0.9302505972785985, 0.36039798319170835, 0.7601155041198674, 0.6005758405917067, 0.44192107478061227, 0.7958508259840121, 0.9162694312193683, 0.883644595732558, 0.9331381076681217, 0.8475818285290266, 0.8693634933794833, 1.0, 0.5622325587369443, 0.786100653486294, 0.9569602177158814, 0.8995620592829515, 0.6325528586956489, 0.24235920826430257, 0.693491730320862, 0.8718174230029004, 0.8381010271629931, 0.7477201861822412, 0.9246779403453059, 0.8633980361234412, 0.6845499537040335, 0.9196682873775711], [0.8953304446659892, 0.5510701232291361, 0.728032490058503, 0.5600014472207833, 0.8508017767180398, 0.5502436121880074, 0.7040304636036493, 0.7641029577388954, 0.423185022204229, 0.6832408555558612, 0.5727826218235746, 0.8183211447211959, 0.7027358361158512, 0.5622325587369443, 1.0, 0.27081827812000936, 0.5855737336758462, 0.6793518442206247, 0.8086117549334931, 0.7744007878244218, 0.7876524554346244, 0.34134258787694877, 0.7879341389537029, 0.8469754933580014, 0.561989939668858, 0.5107508183764331, 0.3849934595835627, 0.6944463549245043], [0.43049101482461455, 0.6821445621668456, 0.7151513461414483, 0.25581236712841726, 0.47091120258197644, 0.4387251917958163, 0.25206051402385593, 0.6273914256797631, 0.7804523878507722, 0.6352608854799005, 0.8415087145280354, 0.6170589696255637, 0.6664533807221535, 0.786100653486294, 0.27081827812000936, 1.0, 0.8297999109884654, 0.7310491711164941, 0.3001223115178162, 0.019549136222539145, 0.45829717572641665, 0.8054164006994778, 0.6114093605336275, 0.51895306691597, 0.7944752146020779, 0.8212947234269906, 0.7337339841266399, 0.7619368690334973], [0.7174508691710869, 0.8196175093437137, 0.9144731213146858, 0.39959409891910014, 0.7688551555428937, 0.6519340243257447, 0.5109917265929503, 0.8452058478159603, 0.8866219306551825, 0.8574404474502971, 0.9626544861342033, 0.8507337490260867, 0.8767552491628322, 0.9569602177158814, 0.5855737336758462, 0.8297999109884654, 1.0, 0.9229220681143263, 0.6044930440775289, 0.2852653014512358, 0.6950198254361475, 0.8619665870944878, 0.841898801974988, 0.7623329172393148, 0.9227569799353106, 0.9017371091443908, 0.755857012561453, 0.9377172630238586], [0.7830699141230087, 0.7884870017302651, 0.914205229055007, 0.44830922837645465, 0.7900650500581623, 0.7412199709158759, 0.5861076534551124, 0.8721542130023103, 0.8252643026313596, 0.8867847128374595, 0.9367175194820094, 0.8579645977539834, 0.8791120101287045, 0.8995620592829515, 0.6793518442206247, 0.7310491711164941, 0.9229220681143263, 1.0, 0.649079655419848, 0.413735682892298, 0.7546660519283296, 0.7999187672199648, 0.883603264511768, 0.7958348875420106, 0.8433032500152752, 0.904522480821372, 0.6696938999797474, 0.9526127318590436], [0.8062142600868394, 0.48807116010659835, 0.7289544927576525, 0.46354814130770094, 0.8124699116741257, 0.31525128260563456, 0.4477221068201244, 0.6896700436032529, 0.5794935923920931, 0.6992410262416822, 0.5801874817853026, 0.7858979704948075, 0.671408246620289, 0.6325528586956489, 0.8086117549334931, 0.3001223115178162, 0.6044930440775289, 0.649079655419848, 1.0, 0.5980244098340143, 0.6930228775320028, 0.4262312961772762, 0.7706101371895983, 0.7352652815440525, 0.586888618368067, 0.46300212189523093, 0.21703303585041778, 0.6935846699954908], [0.7550881867954135, 0.36309821208736337, 0.4376952385844993, 0.4817281585853273, 0.6417491870114825, 0.4131464783542343, 0.6731386961625332, 0.5901068705325052, 0.09736367524041153, 0.42964897677891145, 0.28329765388798545, 0.5658760087383448, 0.45405359313789617, 0.24235920826430257, 0.7744007878244218, 0.019549136222539145, 0.2852653014512358, 0.413735682892298, 0.5980244098340143, 1.0, 0.6134782868900082, 0.0, 0.5977397709491444, 0.6622850649858324, 0.24491105201142466, 0.2140137561481385, 0.17405102905870154, 0.41554218773817103], [0.8675413502465655, 0.7089451408394047, 0.8168152324964496, 0.7371777388985336, 0.8366636387313864, 0.6667597661642453, 0.7361303391038077, 0.8388109560817383, 0.5874750737764339, 0.8063970653332885, 0.7024307176325755, 0.8686341167859447, 0.8479763435895576, 0.693491730320862, 0.7876524554346244, 0.45829717572641665, 0.6950198254361475, 0.7546660519283296, 0.6930228775320028, 0.6134782868900082, 1.0, 0.4578447390548045, 0.8998717948971389, 0.9065109465590513, 0.7709144827469833, 0.602130836673518, 0.557490776680119, 0.8138844524823019], [0.45912792867176055, 0.666421090379199, 0.7770212519318623, 0.15377086279317148, 0.5076068818397219, 0.4560030087876764, 0.18760016903148086, 0.625712330232071, 0.8765727973353665, 0.7387893624922333, 0.8584428729940502, 0.6523754504415741, 0.6987691622983999, 0.8718174230029004, 0.34134258787694877, 0.8054164006994778, 0.8619665870944878, 0.7999187672199648, 0.4262312961772762, 0.0, 0.4578447390548045, 1.0, 0.6447795226478121, 0.5132255778505077, 0.7967324379511814, 0.8649846104678502, 0.5865798118609082, 0.8022454459211737], [0.8855670172894924, 0.7730646574621313, 0.9099996536207267, 0.6219185765863322, 0.8831527869239744, 0.6984110665988181, 0.6943828748667068, 0.9175155527943599, 0.7576126154499168, 0.9180111459272537, 0.8447630955231589, 0.9331533792556023, 0.9204732697426827, 0.8381010271629931, 0.7879341389537029, 0.6114093605336275, 0.841898801974988, 0.883603264511768, 0.7706101371895983, 0.5977397709491444, 0.8998717948971389, 0.6447795226478121, 1.0, 0.9139368793761343, 0.8307436593228654, 0.7611634963013097, 0.5875837920655901, 0.9207188075253856], [0.9152223660063571, 0.7718078277648245, 0.8640695317974268, 0.6452766088024099, 0.9223164671195336, 0.717139387997384, 0.7621819180883616, 0.8802755456327328, 0.6141902765358724, 0.8483265452425155, 0.7497441300222637, 0.9434628589924101, 0.874710493991618, 0.7477201861822412, 0.8469754933580014, 0.51895306691597, 0.7623329172393148, 0.7958348875420106, 0.7352652815440525, 0.6622850649858324, 0.9065109465590513, 0.5132255778505077, 0.9139368793761343, 1.0, 0.7799070075503134, 0.6753518102476275, 0.6422685670565764, 0.830945616621709], [0.7088340748891381, 0.8277042198887593, 0.898286405181652, 0.5109064028242032, 0.7666189039370499, 0.6172782458150223, 0.5211292617798574, 0.8208189695480128, 0.8525096795483046, 0.8389723445064663, 0.9108685931508951, 0.849500453459038, 0.8879877068589958, 0.9246779403453059, 0.561989939668858, 0.7944752146020779, 0.9227569799353106, 0.8433032500152752, 0.586888618368067, 0.24491105201142466, 0.7709144827469833, 0.7967324379511814, 0.8307436593228654, 0.7799070075503134, 1.0, 0.8114355636887536, 0.7691625486818704, 0.9020931779386575], [0.5869944735369359, 0.6994049492145832, 0.8199268086235542, 0.2738544503855968, 0.617609174216899, 0.6736691819675138, 0.413475544268965, 0.7588619246002474, 0.8146432546596516, 0.8093534676740255, 0.9202149251777585, 0.7601675327098719, 0.7880943861262203, 0.8633980361234412, 0.5107508183764331, 0.8212947234269906, 0.9017371091443908, 0.904522480821372, 0.46300212189523093, 0.2140137561481385, 0.602130836673518, 0.8649846104678502, 0.7611634963013097, 0.6753518102476275, 0.8114355636887536, 1.0, 0.7206034759152965, 0.8787844807849682], [0.5295071585023202, 0.723407504358014, 0.6733759033384347, 0.35536926504946664, 0.5830563339521445, 0.6776688854186844, 0.5493672634949347, 0.6753648813656633, 0.5177803899635491, 0.6003447716991692, 0.7478191946782053, 0.6422642940135499, 0.7104355756130407, 0.6845499537040335, 0.3849934595835627, 0.7337339841266399, 0.755857012561453, 0.6696938999797474, 0.21703303585041778, 0.17405102905870154, 0.557490776680119, 0.5865798118609082, 0.5875837920655901, 0.6422685670565764, 0.7691625486818704, 0.7206034759152965, 1.0, 0.6875253816072786], [0.8045304299767199, 0.8070384694886067, 0.9344398759542508, 0.5503737909462856, 0.8226177328178594, 0.6938322044848139, 0.6022335818146163, 0.9000285463337674, 0.8619077276904746, 0.9055139126000511, 0.9453792660219493, 0.89397623921726, 0.9135649796270353, 0.9196682873775711, 0.6944463549245043, 0.7619368690334973, 0.9377172630238586, 0.9526127318590436, 0.6935846699954908, 0.41554218773817103, 0.8138844524823019, 0.8022454459211737, 0.9207188075253856, 0.830945616621709, 0.9020931779386575, 0.8787844807849682, 0.6875253816072786, 1.0]]